
rows: 1659
 0.23190
 -0.13380
 0.06033
 0.34320
 0.08983
 -0.09764
 0.58450
 0.04170
 -0.52550
 0.05676
 0.52400
 0.25450
 -0.04544
 0.22050
 0.50150
 0.16740
 -0.19930
 0.00353
 -0.08404
 0.38220
 0.19620
 -0.06995
 0.24390
 -0.06104
 0.31070
 -0.12590
 0.37340
 0.66580
 0.00160
 0.24170
 0.38390
 -0.17240
 -0.17770
 0.14000
 -0.00519
 -0.25380
 0.30140
 0.32000
 0.33020
 0.17140
 0.50040
 0.02670
 0.06340
 -0.26970
 -0.23230
 -0.22940
 0.23740
 0.14060
 0.29970
 0.15730
 0.25280
 -0.14110
 0.31620
 0.33390
 0.68830
 0.41260
 0.39060
 0.20160
 0.08592
 0.32190
 0.02830
 -0.04318
 0.29250
 0.14250
 0.16410
 0.20590
 0.23020
 -0.27680
 0.05338
 0.64230
 0.28480
 0.28710
 0.17060
 0.31180
 0.01825
 0.19980
 0.44120
 -0.18150
 0.25620
 0.46050
 0.00360
 0.34010
 0.01523
 0.41220
 0.37060
 0.53530
 0.08370
 0.22260
 0.08435
 0.11860
 -0.56410
 0.10520
 0.46990
 0.27800
 0.01209
 0.25620
 0.05743
 0.31930
 -0.53470
 0.25260
 0.12810
 -0.12310
 0.21560
 0.18930
 0.48160
 0.35200
 0.15170
 -0.30660
 -0.25370
 0.33620
 0.44510
 0.40190
 0.15310
 -0.17740
 0.12200
 -0.24100
 0.31200
 0.34740
 0.41660
 0.61510
 0.05704
 0.72060
 0.29030
 0.91870
 0.48000
 -1.22070
 -1.22990
 -0.65750
 0.49370
 0.46080
 -1.48440
 -0.43830
 0.05291
 0.42560
 0.26060
 -0.16130
 -0.63150
 -0.48570
 0.28570
 0.01806
 0.49940
 0.45080
 0.59870
 0.58810
 0.02051
 0.19560
 0.77280
 0.46000
 0.47510
 -0.09154
 -0.19300
 0.11030
 0.64980
 -0.17290
 -0.16960
 -0.15510
 -0.03379
 -0.71230
 -0.55380
 -0.10990
 0.12850
 0.06398
 -0.10840
 -0.06668
 -0.06610
 -0.16830
 -0.24980
 0.03711
 0.12990
 0.14830
 0.22970
 0.23150
 0.61830
 -0.34310
 0.11470
 -0.32690
 0.14040
 -0.19630
 0.10760
 -0.15470
 0.15150
 -0.06902
 0.06458
 0.08756
 -0.03707
 -0.05074
 -0.24470
 -0.07786
 -0.03491
 0.13680
 0.07337
 0.61570
 -0.13770
 0.00712
 -0.09930
 0.26800
 -0.81630
 0.36470
 -0.18850
 -0.46610
 0.58130
 -0.67490
 -0.11770
 0.36800
 0.27320
 0.18920
 -0.36680
 0.32050
 -0.01955
 0.08012
 0.21520
 0.06952
 -0.16800
 0.21420
 0.02892
 -0.07311
 0.03589
 -0.07803
 0.01213
 0.28700
 0.06219
 0.14040
 -0.09314
 -0.14440
 0.32480
 -0.26280
 0.03680
 0.20290
 0.22940
 0.31320
 0.53160
 -0.21340
 0.12930
 0.20350
 0.44990
 0.18850
 -0.03862
 -0.37000
 -0.13290
 -0.34400
 0.15370
 -0.25690
 0.18730
 0.06579
 -0.04139
 -0.12400
 -0.26590
 0.13980
 0.49470
 0.07976
 0.15330
 0.07161
 0.13180
 0.04781
 -0.02262
 -0.19290
 -0.18590
 0.01431
 -0.06664
 -0.06685
 0.08574
 -0.01896
 -0.21350
 0.31410
 -0.24600
 0.22870
 0.57990
 -0.13670
 0.53520
 -0.06435
 0.08975
 -0.31920
 0.23970
 -0.23380
 -0.15830
 -0.35230
 0.64470
 0.02803
 0.11730
 -0.31520
 -0.17570
 -0.22260
 0.44190
 -0.33310
 -0.07244
 0.17280
 -0.15950
 -0.35300
 -0.12330
 0.30130
 -0.39410
 0.09326
 0.10300
 -0.19580
 0.20740
 0.16910
 -0.04990
 0.24970
 0.18260
 0.00676
 0.02463
 -0.19840
 -0.38780
 0.06733
 0.38180
 0.16870
 0.34720
 0.50960
 -0.18860
 -0.28240
 -1.44250
 1.30220
 0.66910
 0.55930
 -0.00764
 0.84350
 0.10380
 -0.09907
 0.35350
 0.31510
 -0.46490
 0.06845
 -1.01300
 0.07082
 0.17450
 -0.05685
 -0.49800
 -0.53510
 -0.29320
 -0.93230
 0.05167
 -0.00836
 -0.33120
 0.02140
 1.08770
 -0.26710
 -0.29880
 -0.04584
 -0.59260
 -0.50440
 0.77220
 0.76700
 -0.25580
 -0.28680
 -0.02411
 -0.73460
 -0.15230
 -0.03358
 0.36220
 0.06650
 -0.18930
 -0.24640
 0.09028
 0.44170
 -0.01237
 0.07845
 0.25490
 -0.11180
 0.24730
 -0.21470
 0.24460
 0.12910
 0.19410
 0.21170
 -0.26640
 -0.05483
 0.36770
 -0.23950
 0.12090
 -0.07975
 0.02172
 -0.07252
 -0.14190
 0.08059
 0.34740
 0.34520
 0.43330
 0.18490
 0.34730
 -0.35000
 0.28440
 -0.22740
 -0.27420
 -0.24820
 0.06511
 0.22580
 0.09365
 0.52310
 0.42100
 0.24130
 -0.18620
 -0.21090
 -0.08580
 0.20890
 0.40810
 0.54240
 -0.06252
 0.09561
 0.33550
 0.10040
 0.92080
 -0.09527
 -0.49700
 0.35370
 0.56450
 0.81010
 -0.29910
 0.05591
 -0.61110
 -0.83820
 -0.39780
 0.23520
 -0.58380
 -0.12890
 -0.25640
 0.01030
 0.10880
 0.12020
 0.23480
 -0.06275
 0.08237
 0.11670
 0.06361
 -0.13740
 0.18650
 -0.06025
 0.07073
 0.16250
 0.06978
 0.15940
 0.04985
 0.04149
 -0.13790
 0.00410
 0.06501
 -0.04119
 0.11280
 0.01203
 -0.07462
 0.00000
 0.00000
 0.00000
 0.00000
 0.00000
 0.00000
 0.09119
 -0.50570
 0.50390
 0.12740
 -0.13970
 0.12390
 -0.18670
 0.04895
 -0.01742
 0.07379
 0.06712
 0.16310
 -0.18140
 0.08238
 -0.15900
 -1.61490
 -0.42720
 0.68920
 -0.27420
 0.48950
 -0.08255
 1.03060
 -0.13560
 0.29040
 -1.50520
 -0.15090
 1.93190
 -1.06240
 1.59180
 0.93380
 0.96980
 0.66880
 0.78290
 -0.03442
 0.16630
 -1.32290
 0.58600
 -0.16000
 0.62150
 1.19620
 0.89880
 -0.55380
 0.13480
 -0.57060
 -0.12410
 -0.40890
 -0.64680
 0.81510
 1.63690
 -0.44240
 0.79160
 0.12310
 0.32830
 -0.97020
 -0.50520
 0.70700
 1.31100
 0.90970
 -0.61830
 0.03502
 -0.32650
 -0.89010
 0.21300
 -0.37050
 0.15400
 0.00355
 0.15940
 -0.00173
 0.07998
 -0.14630
 -0.09989
 -0.11740
 -0.25880
 -0.16400
 0.26120
 0.02908
 -0.12470
 -0.02076
 -0.06900
 0.12990
 0.46820
 -0.51010
 0.27580
 0.21340
 -0.43790
 -0.35560
 -0.36540
 -0.01274
 0.34380
 0.31650
 0.13510
 -0.15610
 -0.01528
 -0.54380
 0.42690
 0.12330
 -0.02808
 -0.08553
 -0.01814
 -0.08033
 -0.07067
 0.07981
 0.04786
 -0.05660
 -0.02263
 0.02069
 -0.05218
 0.14130
 0.06017
 0.28480
 0.15380
 0.45900
 0.43210
 0.41940
 0.52410
 0.32390
 -0.03864
 0.19580
 0.74180
 0.27990
 0.17810
 0.33390
 -0.16300
 0.04544
 -0.21040
 0.00412
 0.38050
 -0.05832
 0.03902
 -0.05014
 0.04792
 0.19860
 -0.10130
 -0.00685
 -0.17150
 -0.02538
 -0.15180
 0.05751
 -0.17900
 -0.29030
 0.10390
 -0.24130
 0.64050
 -0.15040
 0.02484
 0.62350
 0.07905
 -0.26270
 -0.05326
 0.29900
 0.11250
 0.12030
 0.00542
 0.01020
 0.38000
 0.03495
 0.11170
 0.42410
 0.46090
 0.33170
 0.05712
 0.29660
 -0.55470
 0.01130
 -0.35500
 0.22450
 0.20300
 0.07360
 0.04451
 0.06607
 0.01149
 0.39510
 0.79750
 0.47570
 0.06424
 -0.21740
 0.10380
 0.05247
 0.38050
 0.05271
 -0.08175
 -0.37610
 0.17180
 0.15450
 0.02443
 -0.22780
 -0.11300
 -0.33510
 -0.53270
 0.13690
 -0.17650
 -0.32740
 0.30680
 -0.03721
 -0.07942
 -0.24010
 -0.07011
 0.02662
 -0.06533
 -0.15860
 0.05259
 0.18750
 -0.08554
 -0.02282
 -0.15420
 0.24540
 0.35810
 0.33820
 0.50000
 0.13760
 -0.10210
 0.08683
 -0.22640
 0.37660
 0.05820
 -0.20460
 0.35180
 0.22650
 -0.17990
 -0.01811
 0.47180
 0.30570
 0.50060
 -0.22930
 -0.26630
 0.73390
 0.27930
 -0.06782
 -0.02809
 -0.60040
 0.17060
 -0.05740
 0.01985
 0.34040
 0.01158
 0.21190
 0.22790
 0.31400
 -0.00601
 -0.11540
 0.25490
 -0.08387
 0.14160
 0.21280
 0.22140
 0.26640
 0.08944
 -0.22530
 0.22580
 0.50850
 -0.02950
 0.42350
 -0.32270
 0.05654
 0.95100
 0.09798
 -0.28200
 -0.65550
 0.41840
 0.15440
 0.28360
 0.55260
 0.55180
 -0.17850
 0.06583
 -0.81590
 -0.35860
 -0.55980
 -0.55450
 -1.69230
 0.26780
 -1.15030
 -0.45110
 0.00403
 0.81510
 0.67240
 0.08864
 0.04411
 0.00454
 -0.44820
 0.76280
 0.15070
 -0.09479
 -0.99810
 -0.35860
 -0.40650
 -0.91830
 0.10960
 -0.74730
 -0.60290
 -0.05907
 0.06217
 0.24340
 0.00879
 -0.26010
 -0.40720
 -0.07988
 0.22690
 0.98850
 -0.04387
 0.19540
 -0.02253
 -0.00985
 0.50300
 -0.74010
 0.51750
 -0.09259
 0.08669
 0.38530
 0.15980
 0.40060
 -0.03290
 -0.10830
 0.30720
 -0.15490
 0.24570
 -0.29910
 -0.04599
 0.23620
 0.38470
 0.61540
 0.26250
 -0.32110
 -0.53570
 -0.16650
 0.27750
 -0.02228
 -0.29660
 -0.05192
 -0.27060
 0.47820
 0.12520
 -0.03320
 -0.34750
 0.32380
 0.62620
 -0.13380
 0.20860
 0.62400
 0.26420
 -0.31670
 0.14370
 -0.30060
 0.23520
 0.07726
 -0.20830
 0.15400
 0.09247
 0.30190
 0.16630
 0.31450
 0.13610
 0.10060
 -0.11200
 0.10740
 0.14440
 -0.11080
 -0.21570
 0.03745
 -0.10030
 -0.01956
 0.18430
 -0.08546
 0.06916
 0.04301
 0.19390
 0.13180
 0.03314
 0.05897
 -0.01176
 0.21710
 -0.12560
 -0.34010
 0.20180
 -0.91760
 -0.83890
 -0.25540
 -0.60500
 -0.50970
 0.54040
 -1.02390
 0.32740
 0.29150
 0.01105
 0.12380
 0.25590
 0.69310
 -0.17850
 0.08883
 0.24660
 0.63320
 0.44110
 -0.03173
 0.21000
 0.76650
 0.15960
 0.37630
 0.41460
 0.53040
 0.69330
 0.27490
 -0.47290
 -0.06429
 0.03035
 -0.35350
 -0.05139
 0.01656
 -0.15240
 0.30480
 0.13360
 0.41360
 -0.38010
 0.00462
 0.01555
 0.01386
 0.32150
 0.21250
 0.21990
 0.08649
 -0.29300
 0.23560
 -0.10790
 -0.53770
 -0.40660
 0.00361
 -0.15700
 -0.32120
 0.12020
 0.13240
 0.46320
 -0.28060
 0.23140
 0.18220
 0.03314
 0.10290
 -0.53200
 -0.10190
 0.36020
 0.46520
 0.21620
 0.19140
 -0.03761
 -0.35370
 -0.10280
 0.20750
 -0.05562
 0.30550
 0.13730
 -0.14040
 0.04437
 -0.46960
 -0.34240
 -0.22260
 -0.22240
 0.05518
 -0.48580
 0.44070
 0.27080
 0.19940
 -0.12040
 -0.07972
 -0.06437
 0.53370
 0.42230
 0.03249
 0.20530
 0.13910
 0.19650
 -0.08757
 0.14060
 -0.13480
 0.00841
 0.03484
 -0.00177
 0.08390
 -0.06274
 0.20140
 0.22320
 0.19840
 0.24490
 0.32480
 0.21670
 0.14510
 0.54370
 0.11760
 0.27460
 -0.00357
 0.16910
 0.27670
 -0.26390
 0.07146
 -0.08056
 -0.28330
 -0.01490
 -0.05874
 -0.27520
 0.01239
 -0.02142
 0.26140
 0.18710
 0.23820
 -0.02797
 -0.22540
 0.06884
 -0.07863
 0.02212
 0.03821
 -0.07276
 -0.06394
 0.23440
 0.10470
 -0.20170
 0.11550
 0.08871
 0.33830
 0.27390
 -0.22190
 0.14540
 0.02048
 0.06119
 0.09055
 -0.28940
 0.04632
 0.16680
 -0.11690
 -0.03014
 -0.09669
 -0.36610
 -0.10780
 -0.20710
 -0.06825
 -0.16810
 0.02116
 -0.10750
 0.04556
 0.21010
 0.16950
 -0.19470
 -0.15850
 -0.04638
 0.43860
 -0.60810
 0.13050
 0.30440
 0.38080
 -0.06365
 -0.06900
 0.21050
 -0.16820
 -0.10860
 -0.26640
 0.37140
 -0.30060
 0.49790
 -0.12880
 -0.09284
 -0.01455
 0.07030
 -0.01173
 0.09919
 0.02508
 -0.09475
 -0.09843
 -0.14250
 0.03639
 -0.14350
 0.18810
 -0.08295
 -0.03188
 -0.22160
 -0.06021
 -0.03944
 -0.11030
 -0.21390
 0.08186
 -0.06082
 0.18060
 0.14280
 -0.02309
 0.21870
 0.15740
 0.00249
 0.10220
 0.02502
 -0.16110
 -0.23150
 -0.07182
 -0.36640
 -0.30540
 -0.17950
 0.21920
 0.24150
 -0.00558
 0.10910
 0.75870
 0.51230
 0.16080
 -0.23370
 0.82140
 0.64270
 -0.13920
 -0.01321
 0.18440
 0.40620
 -0.73250
 1.41760
 0.91880
 0.85660
 -0.12690
 1.25470
 1.26740
 -3.81500
 -1.48040
 -2.27250
 -0.83640
 -4.50310
 0.03885
 -0.13860
 0.25170
 0.06832
 -0.04033
 0.16740
 0.34170
 -0.06516
 0.50510
 -0.38950
 -0.28820
 0.10210
 0.31020
 -0.13100
 -0.00576
 -0.20660
 -0.20290
 -0.11790
 0.36740
 0.25530
 0.14960
 0.20050
 0.22910
 0.25560
 0.30940
 -0.34020
 0.11700
 -0.08275
 0.24070
 0.57900
 -0.26570
 0.48650
 0.24920
 0.33190
 -0.07491
 0.26720
 -0.02923
 -0.27280
 0.14090
 -0.36580
 -0.02159
 0.17770
 -0.22370
 -0.09364
 -0.22390
 0.04050
 0.67090
 0.19410
 -0.21780
 -0.14350
 -0.52640
 -0.24770
 -0.18580
 0.14040
 0.19400
 0.10330
 0.42850
 0.29060
 0.08357
 0.15960
 0.32970
 0.20570
 0.37560
 -0.03630
 0.02404
 0.03468
 -0.05803
 0.03385
 -0.54010
 -0.11230
 0.20310
 0.06026
 -0.11750
 -0.00950
 -0.51810
 -0.48650
 -0.59080
 -0.08836
 0.09172
 1.00660
 0.24460
 -0.31270
 0.51760
 -0.04641
 0.16470
 0.55840
 0.00361
 -0.05235
 0.32690
 0.35200
 -0.07413
 0.29620
 -0.04530
 -0.24410
 -0.08424
 0.12300
 -0.60410
 0.10780
 0.20280
 -0.22220
 0.32560
 0.28580
 0.41040
 -0.25940
 0.30470
 0.39940
 0.00520
 0.49750
 0.39350
 0.11470
 -0.12890
 -0.38450
 -0.48590
 -0.41230
 -0.06448
 -0.40740
 -0.96480
 -0.10460
 -0.04303
 -0.23190
 -0.33950
 0.01526
 0.26560
 0.12870
 0.14850
 0.77030
 1.08480
 0.49440
 0.38890
 0.33870
 0.84920
 0.28330
 -0.49790
 -0.02928
 -0.39420
 0.23420
 0.82790
 0.40440
 0.05800
 0.25780
 0.73560
 -0.01675
 0.03609
 -0.00019
 0.20670
 -0.00767
 0.02149
 0.18860
 0.34960
 0.03167
 -0.09548
 -0.14250
 0.06802
 -0.11410
 0.31140
 0.23530
 0.40180
 0.17630
 -0.05326
 -0.16590
 -0.68150
 0.19510
 0.17060
 0.19760
 0.28260
 0.21980
 0.71150
 0.24980
 0.33040
 -0.39700
 -0.68270
 0.14380
 -0.46720
 0.34710
 -0.20280
 0.51230
 0.16170
 0.41290
 0.14160
 0.85130
 0.53090
 0.70690
 0.15960
 0.18890
 0.50450
 0.36610
 0.23940
 0.43200
 0.34290
 0.86960
 0.45630
 0.17230
 0.90880
 -0.23280
 -0.05813
 0.10790
 -0.07756
 -0.86040
 0.31010
 -0.13230
 -0.05064
 0.14920
 -1.01800
 0.27560
 0.04003
 -0.13630
 -0.10430
 -0.71750
 0.00981
 -0.04187
 -0.05435
 0.25820
 0.13680
 -1.28340
 0.07194
 0.49900
 0.12320
 0.30080
 0.02917
 -0.25770
 0.10920
 -0.31240
 0.22840
 0.26840
 -0.47380
 -0.06541
 -0.34460
 -0.60360
 -0.48050
 -0.04929
 -0.41290
 0.41440
 -0.29880
 -0.23030
 0.21670
 0.29770
 0.13300
 -0.38760
 0.23050
 -0.08410
 0.22110
 -0.16880
 -0.22390
 -0.44180
 -0.49820
 -0.05867
 0.00292
 0.60640
 0.17600
 0.35990
 0.29130
 0.01082
 -0.10400
 0.62310
 -0.49080
 -0.56920
 0.01169
 -0.52090
 -0.25030
 -0.11780
 0.11750
 0.57130
 0.12280
 -0.44400
 0.05932
 0.30500
 -0.13180
 -0.12660
 -0.18160
 0.09730
 -0.32340
 -0.87580
 0.05298
 0.08502
 -0.26960
 -0.15140
 0.36210
 0.15380
 -0.43310
 -0.04976
 0.02701
 -0.16780
 0.13320
 0.58920
 -0.31610
 0.18310
 -0.34970
 -0.26710
 -0.09907
 -0.54240
 -0.10800
 -0.26550
 -0.68730
 -0.71730
 -0.26190
 -0.04779
 -0.19540
 0.46520
 1.06510
 0.55070
 -0.19270
 -0.96060
 -2.15820
 -0.69340
 -0.54640
 -0.26910
 -2.13000
 0.88300
 -0.49880
 0.68090
 0.59640
 -0.60650
 1.35020
 0.78930
 -0.42630
 0.01517
 0.55760
 -0.93280
 -0.28720
 -1.36660
 -0.83830
 0.65380
 -1.88910
 -0.02426
 -0.62280
 -0.76130
 -0.08630
 0.66710
 0.64610
 1.39030
 0.10660
 0.85250
 0.78610
 0.86370
 0.98450
 1.39590
 0.82370
 0.79770
 1.78860
 0.53500
 1.14280
 0.11790
 0.58280
 0.40750
 0.23820
 0.22210
 -0.88120
 -1.37730
 -1.38020
 0.01923
 0.26980
 1.25360
 -4.18160
 1.35370
 1.29540
 -0.81690
 -0.57510
 -0.89500
 0.15900
 0.06675
 1.01410
 0.76250
 0.50440
 -0.42210
 0.72840
 -0.54800
 0.56150
 -0.03182
 0.33220
 1.25700
 0.43770
 -1.31740
 0.31100
 -0.65490
 0.53250
 -0.03655
 0.34800
 0.22820
 0.68240
 -0.21420
 0.99670
 -0.33630
 0.32330
 0.02236
 0.91060
 0.14620
 0.20190
 -0.22930
 -0.31210
 -0.15850
 0.21770
 0.07957
 -0.48740
 0.07654
 -0.27850
 0.18490
 0.02236
 0.13810
 0.03553
 0.44180
 0.06102
 0.14200
 0.13530
 -0.57140
 0.13330
 0.27250
 0.58260
 0.93260
 0.25080
 0.06088
 0.26350
 -0.42710
 -0.39660
 0.07004
 0.20320
 -0.49600
 0.97440
 -0.25950
 0.25840
 0.10420
 0.13550
 -0.21310
 -0.57870
 -0.01778
 0.08492
 -0.19180
 -0.03904
 -0.11480
 0.03526
 0.05957
 -0.05900
 -0.01435
 0.09784
 -0.56120
 -0.78200
 0.22560
 -0.62500
 -0.53540
 -0.93690
 0.14970
 0.03364
 -0.04456
 0.03364
 -0.44230
 0.19920
 -0.04281
 0.21310
 0.37590
 0.70440
 0.50030
 -0.05458
 0.32210
 -0.09563
 -0.27080
 -0.30640
 0.14660
 0.41320
 -0.06080
 -0.16640
 -0.09514
 -0.28320
 -0.55800
 0.09392
 0.22540
 0.13590
 0.05499
 -0.63110
 -0.63970
 0.12560
 -1.05170
 -0.30330
 -0.44540
 -0.17950
 -0.21330
 0.06210
 -0.03078
 -0.12540
 -0.00539
 0.18980
 0.46180
 0.06958
 -0.24920
 -0.04893
 0.06062
 0.49170
 -0.27200
 -0.12780
 0.23900
 -0.07988
 0.18650
 0.08907
 0.19760
 -0.22530
 -0.48240
 -0.18500
 -0.06822
 -0.26740
 0.42350
 -0.17570
 0.27020
 -0.36390
 0.15860
 -0.19450
 0.36630
 0.01004
 0.14310
 -0.35990
 -0.11690
 0.30840
 0.06735
 -0.41250
 0.12830
 -0.17760
 -0.23520
 -0.10130
 0.38140
 0.20810
 0.75120
 0.20310
 -0.04651
 -0.24150
 0.04828
 -0.07017
 0.21340
 0.25270
 0.03390
 -0.06693
 -0.00369
 -0.25610
 -0.03219
 -0.33180
 -0.07353
 0.39580
 0.22300
 0.37620
 0.19260
 -0.03639
 0.06149
 0.40130
 0.54290
 0.66900
 0.32830
 0.20520
 -0.13310
 0.06605
 0.29080
 0.12460
 0.20690
 -0.06458
 0.30300
 0.06776
 -0.09219
 0.40200
 -0.46430
 -0.05127
 0.05484
 0.07673
 0.34100
 0.63400
 -0.04434
 0.12200
 0.07177
 0.45360
 0.05861
 0.27350
 0.21690
 0.43790
 0.49340
 -0.16810
 0.17020
 -0.42860
 0.34070
 -0.49070
 -0.21360
 0.42400
 0.71640
 0.69750
 0.48730
 0.52750
 0.22330
 0.18210
 0.31490
 0.36290
 0.11370
 0.03646
 0.14060
 0.26270
 0.15780
 0.38920
 0.27980
 0.30050
 0.21620
 0.30090
 0.22560
 0.40910
 0.19870
 0.08265
 -0.13260
end

