  0.186187
  -2.12121
  -2.50022
   1.49123
  -1.21738
  -2.12325
   2.84695
  -2.87997
  -3.62803
   1.96252
    5.4524
   2.53076
 -0.116667
   2.11433
  0.528584
   0.73593
  -2.04852
  -1.30256
  -1.30076
   3.51795
  0.937032
  -3.06533
 -0.255994
  -1.19995
 -0.369811
  -1.43906
    1.3115
   1.95331
    1.0377
 -0.619844
 -0.417856
  -0.37738
   0.37738
-0.0301502
 -0.344764
   -1.0391
   1.41401
  0.962764
  0.729979
  -1.69274
    4.3042
 -0.742746
  0.656867
  -4.21832
  -3.26816
  -3.25648
   0.43608
 -0.445016
   1.65337
  0.728822
   1.28164
  -4.93946
   3.05305
   1.37257
   5.33282
   1.71572
    2.5736
  0.539479
  -3.37673
   1.87899
  0.404802
     1.996
  -1.57242
  0.100095
    1.2577
 -0.306003
   1.29656
  -2.92224
 -0.632325
   3.54772
  0.362404
  0.209438
  -1.12425
  0.455804
  -4.79646
    0.5528
   2.95269
  -3.07841
  0.129819
 -0.101909
  -1.50712
   2.94321
  -2.60606
  -1.52011
  -2.96335
   2.49953
  -2.31618
  -0.22829
  -1.28784
   1.25102
 -0.675043
  -1.70127
   2.60062
   0.58373
 -0.377685
  0.617365
 -0.281521
  0.781142
  -1.39301
   0.75109
 -0.754545
 -0.261029
  0.820636
  0.477934
   1.28047
  -1.96555
  -1.43515
  -4.31171
    3.0953
  0.508475
  0.786336
   1.00503
   1.06165
  -3.21632
  0.272075
  -3.96124
 -0.953911
   1.96099
   1.60023
   5.98951
  -1.18154
-1.21103e-14
   1.98979
   7.80969
    2.4516
  -4.42519
  -4.99637
  -5.89893
   3.06942
   4.50507
  -9.74669
  -1.10146
   2.49461
   4.54562
   1.43077
  -1.21631
 -0.911605
  -7.66825
  0.353669
   -2.0702
   2.21421
   3.57192
   2.51027
   1.87879
 -0.790395
 -0.580783
    2.5328
   2.72418
   4.60533
  -3.75691
  -5.52461
 -0.837362
   6.37982
   -1.8403
 -0.437352
  -3.26481
   3.76627
  -1.92443
  -1.84183
  -1.20047
 0.0932223
  0.361598
  0.745654
 -0.276639
-0.0687909
  0.082574
 0.0267123
  0.236144
  0.737163
  0.411443
 -0.149036
  0.206284
  0.933871
 -0.825684
-0.0437373
   -1.2703
  0.770366
 -0.319159
  0.263071
 -0.376802
  0.272204
  0.055962
  0.228739
  0.583139
 -0.157034
 -0.250515
  -0.90109
 -0.168881
 -0.484461
  0.517672
-0.0332112
   2.83803
  -1.62248
 -0.173913
  -1.04164
   2.65173
  -7.18467
   3.49259
  -2.32418
  -8.18188
   6.34805
  -3.61017
  -3.35624
   4.53299
 -0.222017
    1.6373
   -2.3451
   2.54015
  -3.08874
   -2.4572
   2.22979
   1.26466
   3.81043
   2.51266
  0.415834
   1.26623
   2.36732
 -0.572784
  -2.13046
   2.95266
  0.639678
   2.63199
  -1.22851
  -2.26942
    2.7204
  -6.57337
  -2.37242
   1.64251
   1.47183
   2.47208
   4.57885
  -3.83963
  -2.80132
   1.96276
   3.81956
 -0.723926
   0.19802
  -5.48968
  -5.29402
 -0.726669
   1.33709
 -0.199971
   3.74021
   2.87885
 -0.509793
  -1.18411
  -2.44924
  0.198356
   5.13419
 -0.395726
   1.17037
   -0.9342
  -2.15369
  -1.03778
  0.413291
  -0.14445
   -3.8405
  0.880706
  -1.68146
  -1.12194
 -0.396109
 -0.142193
 -0.114009
-0.0142661
  -4.54621
   2.26025
   8.41414
  -0.47246
   6.36772
  -2.78716
   2.46923
  -2.14718
   3.74629
  0.547356
  -4.97714
  -3.21438
   7.44275
  -1.63614
   2.09142
  -3.30385
  -2.57601
  -2.80484
   4.52221
  -4.29487
   1.75463
   2.43671
  -2.46069
  -4.13476
  -3.12706
   4.25261
  -5.41799
 -0.191631
 0.0830873
  -2.30346
   2.96972
   2.25884
  -1.12936
 0.0263525
   1.00624
  -2.76996
  0.381775
  0.232393
  -2.79078
  0.573146
   5.56611
   4.88168
   1.40725
   2.96105
  -0.79913
 0.0394039
  -5.01057
   6.55719
   4.41616
   3.59173
 -0.118347
   3.38838
  0.483813
 -0.498933
   -0.5557
 -0.489654
  -4.10821
 -0.127445
  -5.73935
 0.0788243
    1.1656
  -1.72898
  -1.87114
  -2.49282
   -2.5411
  -5.36858
  -0.96782
  -1.20118
  -1.04355
 -0.450568
   5.86432
 -0.874904
  0.955441
0.00208357
  -2.42647
  -2.92382
   6.32269
   2.05322
  -2.29215
  -1.40109
 -0.155489
  -3.00352
  0.619568
  0.237782
   2.20274
    1.2531
  0.769417
 -0.128698
   1.13223
   2.81721
   2.98462
   1.55777
  -1.51176
  -1.69965
   1.49082
  -5.77004
   2.40563
   1.68541
 -0.689911
  0.362044
  -3.86618
  0.509967
   6.64263
  -2.31876
    4.4238
  -1.53233
   -4.8837
  0.209632
  -1.36102
  -4.07091
-0.0924282
   4.04419
   5.37186
   1.75095
   5.50106
  -7.89517
  0.263131
  -3.51166
  -2.63711
  -4.26748
  -2.02165
  0.243048
   1.58551
   5.58996
   5.74404
   1.94082
  -2.78114
  -6.68052
  -2.93387
  -1.44063
  0.872606
   6.78642
 -0.192152
  0.581836
    4.8408
  -1.09278
   8.08192
   -1.2411
  -3.00817
   1.68209
   2.70785
   5.74091
  -3.64361
  -1.21693
  -5.93451
  -2.83768
  -4.46847
   8.82607
   -7.7377
  -1.08837
 -0.075652
  0.666773
  -0.89624
  0.236204
  0.533863
 -0.147354
  0.033042
 -0.350636
   0.89719
 -0.655385
  0.601413
 -0.606539
 -0.117509
  0.891835
  0.192481
   1.20895
 -0.201768
 -0.364214
  -1.59809
 -0.248363
  0.386769
  -3.28259
 0.0139249
  0.568007
   2.31389
 -0.751414
  0.157919
 -0.338395
  0.436187
  0.700745
 -0.205042
  0.203673
  -1.16569
  0.178445
 0.0526595
 0.0269676
  0.192538
 -0.255114
  -0.15113
  0.917655
  -1.48783
  -1.39461
  -1.96848
  -1.42672
   2.32138
   3.95626
  -3.20904
 -0.835457
  0.993337
 -0.405008
  0.926398
  0.267987
   1.96728
  0.058149
  0.236348
  -3.48742
  -1.25943
   3.28229
  -3.00129
    3.3066
   2.03687
   1.80229
   1.10544
  0.755678
 -0.838529
 -0.366632
  -4.04756
  0.875421
 -0.163721
  0.700773
   1.47027
     1.841
  -1.89036
 -0.274962
  -1.90814
 -0.492948
 -0.881137
  -1.80261
   1.46173
   3.80447
  -1.13434
  0.504586
  0.334869
 -0.565012
  -2.34318
 -0.922373
  0.956022
   2.00343
   1.43485
  -1.55656
 -0.740375
   0.95867
  -5.12534
   3.03906
   1.12761
  0.661555
   -0.5435
-0.0395251
  -3.02028
  0.927489
  -4.63527
  -1.26715
   1.22338
  -2.50599
  -2.72347
   3.96675
 -0.452663
 -0.469264
 -0.722221
 -0.654454
   6.54716
   3.56107
  -3.67307
 -0.298032
   2.89195
  -2.22861
  -3.56363
  -8.09286
-0.0131087
  0.735546
   1.31242
  -3.64527
  -1.40328
   1.09191
  -4.99388
   4.57797
 -0.730384
  0.442572
 -0.862837
   1.80329
  -1.49327
  -1.50781
   1.42861
 -0.878563
-0.0498364
-0.0489268
  -1.23093
  -2.47711
   2.88612
 -0.149996
   2.26518
   1.69308
   1.21102
   2.30431
   3.49753
   3.48885
-0.0794887
  -1.12398
   1.90904
   2.24855
  0.388892
   2.55945
   3.95239
  -1.03046
   1.88066
  -2.53859
 -0.538825
 -0.696157
   -1.3799
   1.79174
  -1.36689
    2.6344
   3.52259
 -0.296815
 -0.029828
  -2.11371
  0.337652
 -0.724328
  0.788059
  -1.48871
  -2.88386
   1.65181
  -1.51626
   2.35852
  -1.17351
 0.0422657
   2.93787
 0.0983811
  -1.55681
  -1.60139
 -0.152644
   1.53227
   1.03171
 -0.532306
  -1.10044
  0.143753
  -1.24614
   4.44252
   3.39996
   1.03305
  0.718025
  -1.76163
   0.12833
  -3.28792
 0.0673089
   -3.4264
   3.46954
   1.08062
  -2.32551
-0.0448873
 -0.448493
  0.663081
 -0.141401
   2.42661
  0.349564
 -0.645598
 -0.901428
-0.00178436
   1.14827
   1.94194
  0.399235
   1.08753
  -2.54598
  0.976895
 -0.192473
 -0.650268
  -2.25588
  -1.16947
  -1.23394
  -3.63662
  0.702098
  -1.56568
  -3.77217
   0.38561
  -1.36475
  -1.68119
  -2.49608
 -0.222068
  -1.03902
 -0.712182
  0.265083
   1.65793
 -0.553413
   1.35864
   1.06186
  0.254051
   1.88597
   1.77116
  0.492418
   2.70863
   2.17772
  0.754432
  0.297046
  0.919013
   1.20813
   -1.0545
  -2.40636
 -0.914152
  0.437441
  -3.89098
  -3.86376
    4.9667
   4.74958
   4.80541
  -5.62522
  -3.72297
   8.30684
   1.71894
  -4.80009
  -2.64445
  -8.38234
   1.34281
  -1.31869
  -4.48131
   2.95687
 -0.843577
 -0.349045
   4.62564
   1.88172
 -0.706698
  -1.93326
   3.29957
 -0.138926
   1.76819
   2.05233
  0.739462
   3.45031
  -0.30414
  -5.32108
-0.0888934
    6.6685
  -3.74061
   2.02685
  -3.20368
   2.80946
   15.9834
    1.9643
  -1.13812
  -5.50267
   9.94299
   6.45856
   8.12543
   9.29052
     11.16
 -0.618887
  0.220099
  -10.3081
  -1.03357
  -8.44135
  -7.71717
  -12.1611
   4.76415
  -18.8809
  -4.91723
 -0.236915
   7.18616
   6.16499
  -3.77832
  0.332954
  -2.79601
  -3.94425
   5.74661
   2.24407
  0.589356
  -10.2507
   5.96036
   3.02788
  -7.18339
   3.01513
  -8.89184
  -2.46398
   3.21778
    1.6334
   4.47317
  0.579734
  -3.83102
 0.0204642
 -0.815605
   1.24347
   12.9461
   -3.7232
   4.00402
  -2.97634
 -0.668285
   6.94462
  -17.7704
   6.84062
  -1.90043
  -2.16613
   7.65848
  -3.79708
   1.53557
   -1.6062
  -4.07341
   2.34603
  -4.32922
   4.31462
  -5.14914
  -7.10982
  0.575088
   6.86104
   20.2722
   4.94998
  -4.10385
  -9.65629
  -3.79186
   4.40731
  -2.62021
  -6.37104
  -2.46347
  -8.50048
   7.68148
  0.196197
  -1.98748
  -7.44077
 -0.126176
   10.2202
  -2.82551
  -3.85633
   6.01605
  0.370411
  -1.64579
   1.32304
-0.0476605
   1.08169
 0.0135038
  -1.89642
   1.30206
  0.654686
  -0.54732
  -1.67076
 -0.160877
  -1.94699
  0.209506
 -0.154344
  0.952555
   2.04021
   1.73706
  -1.61456
  -2.74341
  0.302481
 -0.452767
   1.65497
  -2.28759
  -1.60483
 -0.855268
  0.538553
   1.31768
  0.994233
   2.11702
   1.01893
-6.9967e-14
 -0.736482
  0.441787
   1.67916
  -3.62576
  -3.97494
  0.415637
  -3.41431
 -0.710364
   4.78103
  -4.45204
 0.0886439
   1.31917
 -0.823098
  0.686955
   1.00291
   5.00913
  -3.29701
 -0.508229
   2.36155
   3.97019
    3.1709
  -3.38483
  0.370326
   4.12865
 -0.424194
   2.83125
   2.41223
   3.03804
   3.13266
 -0.564067
  -2.56689
 -0.690157
  -1.23612
  -2.15315
   0.31037
 -0.944687
-0.0242942
  0.482919
 0.0799909
   2.01196
  -2.13477
  -2.17884
 -0.729136
-0.0201511
  0.939376
  0.583667
  0.492481
  -0.28282
  -3.02778
  0.872155
  -1.23265
    -2.976
  -2.52608
   1.28246
  0.100282
  -2.11514
 0.0777166
   1.17323
   1.79484
  -2.13387
   2.07006
  -0.40839
  0.376139
 -0.486102
   -1.2295
 -0.598305
  0.860279
   1.75319
  0.768887
   1.42466
 -0.249129
    -1.821
-0.00216677
   1.75965
 -0.899648
   1.40091
   1.02822
 -0.931984
   2.46745
  -1.44676
  -0.99324
 -0.831833
 -0.495919
   1.06887
 -0.909541
   1.86494
-0.0411158
 -0.327777
  -1.20136
  -2.12329
  -1.62356
   3.84429
   2.29838
  -1.54211
  0.640956
  0.880293
   1.91244
  0.458223
  0.167784
  -1.17124
   -1.1449
-0.0726064
 -0.853167
  0.660829
 -0.974939
  -0.98855
  0.888701
   2.74064
  -1.45914
  0.936464
  -1.34187
  0.478564
   2.30076
  0.622106
   1.43836
   0.52163
 -0.614484
   1.79716
  -0.94056
  0.689896
 -0.367708
  -2.23652
  0.191998
 -0.640985
  -1.79482
  0.922303
 -0.107703
   1.34152
 -0.833004
   2.90807
  0.665153
  -1.17295
 -0.491368
   1.06328
  -1.70608
 -0.755097
 -0.826243
 -0.400894
  0.145315
  0.032944
  -1.36203
 -0.141565
   2.81623
-0.00265294
   1.32289
  -3.49526
  0.711913
  -1.82695
   3.02661
   1.33878
  -1.06042
   1.19405
  -1.94788
  0.709901
 -0.748255
 -0.821212
  -2.06332
    1.1043
  -2.31374
  -1.98482
   -2.6252
   1.98473
   1.64728
  -1.59537
  -1.54805
   3.54143
  -2.34897
-0.0201637
  -1.58339
  0.666127
  -4.76992
  0.537985
   2.24688
   2.93324
  0.367054
   1.39471
   2.48644
  -1.45212
   0.88077
  -1.13155
-0.0810867
 -0.792271
   1.08668
   0.17734
   1.89886
  -1.05798
  -1.66213
 -0.988341
   2.17964
  0.202727
0.00719403
   -1.2316
-0.0398174
  0.283634
  -2.45281
 0.0892201
  -1.62261
   1.09945
  -2.14344
 -0.925763
  0.178522
  -2.45635
    -1.744
  0.359622
 -0.945836
   1.35322
 -0.763948
 -0.590458
   1.41091
  0.921949
    2.7125
  -0.43083
  0.596333
  0.559404
  -1.29708
 -0.989994
  -3.11712
 -0.614351
   1.38311
   2.50784
  0.893328
  0.999103
 -0.496798
    2.5892
 0.0681617
   0.33059
  0.160853
   2.62855
    1.6864
  0.404743
  0.165957
  0.753723
   1.03298
  -1.66709
   3.59478
   1.84216
   2.66285
   0.43942
   2.53303
   2.70189
  -6.99898
  -1.14175
   -3.0667
  0.250907
  -7.98374
   1.67248
  0.480439
   1.05204
   -1.0646
 -0.924798
  0.593268
   0.85004
 -0.859538
   3.00993
  -3.52442
   -1.2463
   2.58761
   1.63161
  -2.94739
   -1.2627
  -3.63079
  -1.10166
  -1.07576
   3.50961
  0.911142
   1.11311
   1.02183
   1.38416
 -0.143759
    2.3337
  0.974149
  0.592799
 -0.893304
   1.11036
   5.60074
  -2.76521
   2.75248
   2.15723
   1.27333
 -0.642052
   1.32389
 -0.886578
  -1.28071
   1.78239
  -2.22723
  -1.00048
  0.805473
   2.26659
  -2.69141
  -2.38758
 -0.395493
   3.44333
  -0.56578
  -1.95413
  -1.17458
  -4.62897
  -3.62475
  -0.56853
  -1.37799
   1.33027
  0.843229
   1.50221
   2.06953
   1.85322
   2.14051
   2.25857
   1.79024
   4.89573
  -1.52225
  -0.64739
 -0.713005
-0.0553827
  -2.10078
  -2.43217
 -0.847238
   0.52424
  0.763167
 -0.725597
 -0.955029
  -9.35927
  0.227167
 -0.227167
  -4.55949
 -0.941117
   16.3606
   1.85059
-0.0143398
   4.07474
  -3.60617
  -0.87494
    3.2422
   -2.9708
  0.548725
   1.74261
  -0.61624
  -3.88608
-0.0156359
  0.245012
  -3.40185
 -0.114433
 -0.388403
    -8.933
  0.591572
   6.52992
  -4.86343
   6.54114
   4.10496
   1.64298
  -2.29535
  0.702676
   3.58569
   0.14139
   1.63061
   3.66385
 0.0303964
  -3.21095
  -6.00302
  -2.48307
  -2.76162
   -1.8796
  -2.35679
  -10.7196
  -1.69306
  0.896062
  -4.26437
  -3.20536
  0.202624
   2.36608
 -0.756018
  0.948226
   4.76627
   9.41821
  0.987613
   3.56774
   1.69646
   6.48725
 -0.652908
  -11.0985
  -2.91998
  -4.79053
  0.108864
   5.74586
   1.20402
 -0.750032
   1.25215
   5.25605
  -3.76806
   2.60304
  -2.20472
  -1.73665
  -0.25166
  -5.72582
   2.84938
   5.31774
  -1.37588
  -2.84272
  -1.45893
   2.38566
  -2.40571
   8.30909
   2.68347
   7.96947
 -0.391684
  -3.59532
  -2.42447
  -10.6302
   1.58755
 -0.258678
 -0.256924
  0.457876
 -0.199146
   2.29233
  0.829611
  0.141657
 -0.706319
  -2.30041
   1.14443
   -3.2279
   2.39418
-0.0817612
   3.37604
  0.330748
   3.05774
-0.0657031
   5.11046
   4.37395
   3.90493
   2.08975
   1.97367
   2.95161
   2.14352
 -0.415922
   2.08294
   1.74564
   3.74682
  0.660596
  -1.06313
   5.32282
  -1.89133
  -0.77159
   1.04036
 -0.414828
  -4.01115
   1.80871
 -0.538191
 -0.481749
   1.85117
   -7.2454
   2.85119
  -1.13795
  -1.82964
   0.34647
    -3.057
 -0.666962
  0.113295
 -0.172941
   1.45336
  0.720784
  -8.95982
 -0.602211
   4.11885
   2.11994
   1.96465
   1.55613
  -2.36369
   1.82209
  -1.68065
   1.35477
  0.643025
  -3.94042
-0.0426047
  0.320723
  -3.71353
  -3.10322
  -2.25247
  -4.14372
   3.85806
  -2.01103
 -0.897165
  0.686382
    1.6972
   0.72666
  -3.77208
   1.31901
  0.666387
   2.11091
  -1.17626
  -2.12307
  -2.83612
  -3.11687
 -0.048977
 -0.514555
   4.74779
   1.88737
   3.02241
   1.12558
-0.0058438
 0.0286709
   3.42003
  -2.86583
  -3.20962
  0.694907
  -2.50529
  -1.44299
  -1.41322
  0.441168
   3.53133
 -0.337961
  -3.20117
  0.248982
   1.34524
  0.812466
 -0.459947
  -1.10021
   1.22605
  -2.26711
  -8.12222
   1.06705
   0.10291
  -2.93858
 -0.371001
   1.98324
0.00776044
  -3.67888
 -0.220838
   1.14471
  -2.57625
  -1.19528
   4.29531
  -2.16107
    1.5118
   1.13035
  -2.72052
 -0.674111
  -1.42211
   2.40348
   1.13072
  -2.80067
  -3.44261
  -2.03817
  0.695076
  -2.31496
   3.64542
     5.822
  0.826276
  0.546142
  -1.88324
   -5.6285
  -1.49831
-0.0650775
  0.167761
  -6.76338
   3.57279
 -0.935084
   3.90394
   2.91838
  -3.09885
   6.50758
   4.62285
  -1.74391
  0.859795
   5.31893
  -3.00155
 -0.473673
  -2.79609
  -1.58925
   4.66532
  -4.70379
   3.10851
  -2.01129
  -2.41845
  -4.85555
  0.407086
 -0.143194
   4.99737
  -2.70356
   1.40173
   1.14603
    1.7732
   2.45776
   4.33986
   1.56278
   2.16539
    6.2958
  0.879535
   3.52712
  -1.84572
   2.57373
   2.48537
   -0.9515
  -2.54172
  -4.48855
  -6.57343
  -5.63103
   1.52547
   1.36176
   5.22798
  -21.8487
   5.70937
   4.16403
  -4.43659
  -2.37671
  -3.68051
 0.0462023
  0.647366
   3.83502
   3.20749
   1.67276
  -1.80244
   2.34379
  -2.79819
    1.8112
 -0.506947
-0.0535331
   4.66009
  0.803009
  -4.87022
   1.28068
  -2.89526
   2.17771
 -0.187332
  0.507391
  0.211166
   2.01258
  -1.03503
    3.4781
  -1.83983
  0.879803
  0.705094
   3.77658
  0.459841
  0.606657
 -0.731952
  -1.85725
 -0.866137
  0.610107
  0.607398
   -1.9932
 -0.800548
  -2.60737
 -0.246555
  -1.38815
  0.633722
  0.620922
   1.91059
  0.992181
   1.25978
   1.66629
 -0.527157
 -0.402649
   1.25489
   1.79049
   3.16651
   1.63103
   1.42543
   1.90824
  -1.21161
  -0.80322
  0.134833
   1.27617
  -1.91469
   3.19274
  -1.05304
 0.0460722
 -0.151411
 -0.211538
  -1.11536
  -2.41335
 -0.391859
 -0.274581
 -0.352951
  -0.10459
 -0.634327
  0.203214
-0.0151483
  0.183051
 -0.687025
  0.675764
  -0.99804
  -2.03248
  0.566627
  -2.35432
  -1.65708
  -2.34573
  0.859456
  0.459912
 -0.134424
  0.761221
 -0.564462
  0.725413
 -0.108197
   1.99465
   1.64652
    2.5571
   2.44062
  0.337446
   1.57117
-0.0782599
 -0.659562
  -1.07265
  0.323912
   2.16891
 -0.296989
  0.158311
 -0.161124
 -0.462783
  -2.07724
-0.0595626
  0.491445
  0.029398
 -0.111185
  -3.55664
  -2.88974
  0.761313
  -3.64548
  -1.31579
  -1.44379
 -0.901583
  -2.84799
  -2.63984
  -1.45734
  -1.88688
   1.48667
     1.267
   3.11421
   1.08758
 -0.656637
  0.822866
 -0.456864
   3.85291
  -1.28129
   1.11153
  -0.30872
  -3.26415
   1.56982
  0.140516
  0.346622
  0.988699
  -3.68151
  -1.46411
   0.12473
 -0.945476
    2.5437
  -1.87485
   2.21977
   -1.0054
   1.98415
  -1.34421
   3.89393
   1.17043
   1.86444
  -3.53096
  -1.67997
 -0.409052
    1.1457
  -1.17174
   1.38915
  -1.08242
  -1.09776
 -0.491058
  0.535227
  -0.43397
   2.35258
   2.86315
  -2.60985
  -2.44632
   1.52144
 -0.315015
   1.44533
  0.513114
 0.0893647
  -1.82644
 -0.845097
  0.137444
  -3.67604
  -4.03017
  -1.77658
    3.3272
   -2.9291
   2.74646
  0.410989
  -5.46956
  -2.57223
  0.698343
   6.55137
   5.21469
   2.33094
   2.91245
  -4.43108
   2.16519
   2.41369
  -2.41369
     3.827
 -0.970631
   5.30042
  -1.69811
   -7.3026
   2.61949
  -7.54807
  -6.60859
  0.473367
   1.22012
   2.86645
   9.06769
 -0.502681
  -0.74385
  -1.70092
    2.7852
  -4.25599
   5.06642
  -3.15352
   2.02221
   7.96495
  -3.39107
   1.76191
  -11.0034
   3.90417
  -11.0742
  -4.70668
  -2.02216
   6.56748
   7.19289
   5.08199
  -1.03936
  -3.48668
   3.63639
 -0.149714
   5.89689
   0.82433
  -3.67016
  -3.05106
  0.795903
  -10.1341
   8.29151
   3.18359
   -2.1369
 0.0598604
-0.0598604
   3.67133
  0.638815
   1.03806
  -1.55553
  -3.79267

